Dataset {
    Grid {
     ARRAY:
        Float32 sst[time = 1][lat = 36][lon = 72];
     MAPS:
        Float64 time[time = 1];
        Float32 lat[lat = 36];
        Float32 lon[lon = 72];
    } sst;
} Datasets/kaplan_sst/sst.mon.anom.nc;
---------------------------------------------
sst.sst[1][36][72]
[0][0], -9.96921E36, -9.96921E36, -9.96921E36, -9.96921E36, -9.96921E36, -9.96921E36, -9.96921E36, -9.96921E36, -9.96921E36, -9.96921E36, -9.96921E36, -9.96921E36, -9.96921E36, -9.96921E36, -9.96921E36, -9.96921E36, -9.96921E36, -9.96921E36, -9.96921E36, -9.96921E36, -9.96921E36, -9.96921E36, -9.96921E36, -9.96921E36, -9.96921E36, -9.96921E36, -9.96921E36, -9.96921E36, -9.96921E36, -9.96921E36, -9.96921E36, -9.96921E36, -9.96921E36, -9.96921E36, -9.96921E36, -9.96921E36, -9.96921E36, -9.96921E36, -9.96921E36, -9.96921E36, -9.96921E36, -9.96921E36, -9.96921E36, -9.96921E36, -9.96921E36, -9.96921E36, -9.96921E36, -9.96921E36, -9.96921E36, -9.96921E36, -9.96921E36, -9.96921E36, -9.96921E36, -9.96921E36, -9.96921E36, -9.96921E36, -9.96921E36, -9.96921E36, -9.96921E36, -9.96921E36, -9.96921E36, -9.96921E36, -9.96921E36, -9.96921E36, -9.96921E36, -9.96921E36, -9.96921E36, -9.96921E36, -9.96921E36, -9.96921E36, -9.96921E36, -9.96921E36
[0][1], -9.96921E36, -9.96921E36, -9.96921E36, -9.96921E36, -9.96921E36, -9.96921E36, -9.96921E36, -9.96921E36, -9.96921E36, -9.96921E36, -9.96921E36, -9.96921E36, -9.96921E36, -9.96921E36, -9.96921E36, -9.96921E36, -9.96921E36, -9.96921E36, -9.96921E36, -9.96921E36, -9.96921E36, -9.96921E36, -9.96921E36, -9.96921E36, -9.96921E36, -9.96921E36, -9.96921E36, -9.96921E36, -9.96921E36, -9.96921E36, -9.96921E36, -9.96921E36, -9.96921E36, -9.96921E36, -9.96921E36, -9.96921E36, -9.96921E36, -9.96921E36, -9.96921E36, -9.96921E36, -9.96921E36, -9.96921E36, -9.96921E36, -9.96921E36, -9.96921E36, -9.96921E36, -9.96921E36, -9.96921E36, -9.96921E36, -9.96921E36, -9.96921E36, -9.96921E36, -9.96921E36, -9.96921E36, -9.96921E36, -9.96921E36, -9.96921E36, -9.96921E36, -9.96921E36, -9.96921E36, -9.96921E36, -9.96921E36, -9.96921E36, -9.96921E36, -9.96921E36, -9.96921E36, -9.96921E36, -9.96921E36, -9.96921E36, -9.96921E36, -9.96921E36, -9.96921E36
[0][2], -9.96921E36, -9.96921E36, -9.96921E36, -9.96921E36, -9.96921E36, -9.96921E36, -9.96921E36, -9.96921E36, -9.96921E36, -9.96921E36, -9.96921E36, -9.96921E36, -9.96921E36, -9.96921E36, -9.96921E36, -9.96921E36, -9.96921E36, -9.96921E36, -9.96921E36, -9.96921E36, -9.96921E36, -9.96921E36, -9.96921E36, -9.96921E36, -9.96921E36, -9.96921E36, -9.96921E36, -9.96921E36, -9.96921E36, -9.96921E36, -9.96921E36, -9.96921E36, -9.96921E36, -9.96921E36, -9.96921E36, -9.96921E36, -9.96921E36, -9.96921E36, -9.96921E36, -9.96921E36, -9.96921E36, -9.96921E36, -9.96921E36, -9.96921E36, -9.96921E36, -9.96921E36, -9.96921E36, -9.96921E36, -9.96921E36, -9.96921E36, -9.96921E36, -9.96921E36, -9.96921E36, -9.96921E36, -9.96921E36, -9.96921E36, -9.96921E36, -9.96921E36, -9.96921E36, -9.96921E36, -9.96921E36, -9.96921E36, -9.96921E36, -9.96921E36, -9.96921E36, -9.96921E36, -9.96921E36, -9.96921E36, -9.96921E36, -9.96921E36, -9.96921E36, -9.96921E36
[0][3], -9.96921E36, -9.96921E36, -9.96921E36, -9.96921E36, -9.96921E36, -9.96921E36, -9.96921E36, -9.96921E36, -9.96921E36, -9.96921E36, -9.96921E36, -9.96921E36, -9.96921E36, -9.96921E36, -9.96921E36, -9.96921E36, -9.96921E36, -9.96921E36, -9.96921E36, -9.96921E36, -9.96921E36, -9.96921E36, -9.96921E36, -9.96921E36, -9.96921E36, -9.96921E36, -9.96921E36, -9.96921E36, -9.96921E36, -9.96921E36, -9.96921E36, -9.96921E36, -9.96921E36, -9.96921E36, -9.96921E36, -9.96921E36, -9.96921E36, -9.96921E36, -9.96921E36, -9.96921E36, -9.96921E36, -9.96921E36, -9.96921E36, -9.96921E36, -9.96921E36, -9.96921E36, -9.96921E36, -9.96921E36, -9.96921E36, -9.96921E36, -9.96921E36, -9.96921E36, -9.96921E36, -9.96921E36, -9.96921E36, -9.96921E36, -9.96921E36, -9.96921E36, -9.96921E36, -9.96921E36, -9.96921E36, -9.96921E36, -9.96921E36, -9.96921E36, -9.96921E36, -9.96921E36, -9.96921E36, -9.96921E36, -9.96921E36, -9.96921E36, -9.96921E36, -9.96921E36
[0][4], -9.96921E36, -9.96921E36, -9.96921E36, -9.96921E36, -9.96921E36, -9.96921E36, -9.96921E36, -9.96921E36, -9.96921E36, -9.96921E36, -9.96921E36, -9.96921E36, -9.96921E36, -9.96921E36, -9.96921E36, -9.96921E36, -9.96921E36, -9.96921E36, -9.96921E36, -9.96921E36, -9.96921E36, -9.96921E36, -9.96921E36, -9.96921E36, -9.96921E36, -9.96921E36, -9.96921E36, -9.96921E36, -9.96921E36, -9.96921E36, -9.96921E36, -9.96921E36, -9.96921E36, -9.96921E36, -9.96921E36, -9.96921E36, -9.96921E36, -9.96921E36, -9.96921E36, -9.96921E36, -9.96921E36, -9.96921E36, -9.96921E36, -9.96921E36, -9.96921E36, -9.96921E36, -9.96921E36, -9.96921E36, -9.96921E36, -9.96921E36, -9.96921E36, -9.96921E36, -9.96921E36, -9.96921E36, -9.96921E36, -9.96921E36, -9.96921E36, -9.96921E36, -9.96921E36, -9.96921E36, -9.96921E36, -9.96921E36, -9.96921E36, -9.96921E36, -9.96921E36, -9.96921E36, -9.96921E36, -9.96921E36, -9.96921E36, -9.96921E36, -9.96921E36, -9.96921E36
[0][5], -9.96921E36, -9.96921E36, -9.96921E36, -9.96921E36, -9.96921E36, -9.96921E36, -9.96921E36, -9.96921E36, -9.96921E36, -9.96921E36, -9.96921E36, -9.96921E36, -9.96921E36, -9.96921E36, -9.96921E36, -9.96921E36, -9.96921E36, -9.96921E36, -9.96921E36, -9.96921E36, -9.96921E36, -9.96921E36, -9.96921E36, -9.96921E36, -9.96921E36, -9.96921E36, -9.96921E36, -9.96921E36, -9.96921E36, -9.96921E36, -9.96921E36, -9.96921E36, -9.96921E36, -9.96921E36, -9.96921E36, -9.96921E36, -9.96921E36, -9.96921E36, -9.96921E36, -9.96921E36, -9.96921E36, -9.96921E36, -9.96921E36, -9.96921E36, -9.96921E36, -9.96921E36, -9.96921E36, -9.96921E36, -9.96921E36, -9.96921E36, -9.96921E36, -9.96921E36, -9.96921E36, -9.96921E36, -9.96921E36, -9.96921E36, -9.96921E36, -9.96921E36, -9.96921E36, -9.96921E36, -9.96921E36, -9.96921E36, -9.96921E36, -9.96921E36, -9.96921E36, -9.96921E36, -9.96921E36, -9.96921E36, -9.96921E36, -9.96921E36, -9.96921E36, -9.96921E36
[0][6], -9.96921E36, -9.96921E36, -9.96921E36, -9.96921E36, -9.96921E36, -9.96921E36, -9.96921E36, -9.96921E36, -9.96921E36, -9.96921E36, -9.96921E36, -9.96921E36, -9.96921E36, -9.96921E36, -9.96921E36, -9.96921E36, -9.96921E36, -9.96921E36, -9.96921E36, -9.96921E36, -9.96921E36, -9.96921E36, -9.96921E36, -9.96921E36, -9.96921E36, -9.96921E36, -9.96921E36, -9.96921E36, -9.96921E36, -9.96921E36, -9.96921E36, -9.96921E36, -9.96921E36, -9.96921E36, -9.96921E36, -9.96921E36, -9.96921E36, -9.96921E36, -9.96921E36, -9.96921E36, -9.96921E36, -9.96921E36, -9.96921E36, -9.96921E36, -9.96921E36, -9.96921E36, -9.96921E36, -9.96921E36, -9.96921E36, -9.96921E36, -9.96921E36, -9.96921E36, -9.96921E36, -9.96921E36, -9.96921E36, -9.96921E36, -9.96921E36, -0.88400006, -1.159, -1.176, -0.998, -9.96921E36, -9.96921E36, -9.96921E36, -9.96921E36, -9.96921E36, -9.96921E36, -9.96921E36, -9.96921E36, -9.96921E36, -9.96921E36, -9.96921E36
[0][7], -9.96921E36, -9.96921E36, -9.96921E36, -9.96921E36, -9.96921E36, -9.96921E36, -9.96921E36, -9.96921E36, -9.96921E36, -9.96921E36, -9.96921E36, -9.96921E36, -9.96921E36, -9.96921E36, -9.96921E36, -9.96921E36, -9.96921E36, -9.96921E36, -9.96921E36, -9.96921E36, -9.96921E36, -9.96921E36, -9.96921E36, -9.96921E36, -9.96921E36, -9.96921E36, -9.96921E36, -9.96921E36, -9.96921E36, -9.96921E36, -9.96921E36, -9.96921E36, -9.96921E36, 0.38300002, -0.132, -9.96921E36, -9.96921E36, -9.96921E36, -9.96921E36, -9.96921E36, -9.96921E36, -9.96921E36, -9.96921E36, -9.96921E36, -9.96921E36, -9.96921E36, -9.96921E36, -9.96921E36, -9.96921E36, -9.96921E36, -9.96921E36, -9.96921E36, -9.96921E36, -9.96921E36, -9.96921E36, -9.96921E36, -0.37300003, -0.624, -0.53300005, -0.43400002, -0.45100003, -0.36100003, 0.040000003, -0.106000006, -0.75500005, -9.96921E36, -9.96921E36, -9.96921E36, -9.96921E36, -9.96921E36, -9.96921E36, -9.96921E36
[0][8], -9.96921E36, -9.96921E36, -9.96921E36, -9.96921E36, -9.96921E36, -9.96921E36, -9.96921E36, -9.96921E36, -9.96921E36, -9.96921E36, -9.96921E36, -9.96921E36, -9.96921E36, -9.96921E36, -9.96921E36, -9.96921E36, -9.96921E36, -9.96921E36, -9.96921E36, -9.96921E36, -9.96921E36, -9.96921E36, -9.96921E36, -9.96921E36, -9.96921E36, -9.96921E36, -9.96921E36, -9.96921E36, -9.96921E36, -9.96921E36, -9.96921E36, -0.24300002, -0.027, 0.10300001, -0.006, -0.11800001, -0.27400002, -0.045, 0.252, 0.273, 0.3, 0.21700001, -9.96921E36, -9.96921E36, -9.96921E36, -9.96921E36, -9.96921E36, -9.96921E36, -9.96921E36, -9.96921E36, -9.96921E36, -9.96921E36, -9.96921E36, -9.96921E36, -9.96921E36, -9.96921E36, -0.162, -0.15200001, 0.16000001, 0.231, -0.112, -9.96921E36, -9.96921E36, -9.96921E36, -9.96921E36, -9.96921E36, -9.96921E36, -9.96921E36, -9.96921E36, -9.96921E36, -9.96921E36, -9.96921E36
[0][9], -9.96921E36, -9.96921E36, -9.96921E36, -9.96921E36, -9.96921E36, -9.96921E36, -9.96921E36, -0.67200005, -0.735, -0.40100002, 0.21800001, -0.038000003, -0.35500002, -0.096, 0.30800003, 0.49500003, 0.07, -0.264, -0.29200003, -0.38700002, -0.582, -0.69000006, -0.35500002, 0.048, -0.33900002, -0.28100002, -0.13100001, -0.07, 0.034, -0.082, -0.27, -0.179, -0.108, -0.086, 0.086, 0.125, 0.0, 0.09900001, 0.37600002, 0.58500004, 0.77900004, 0.758, 0.453, -0.05, -9.96921E36, -9.96921E36, -9.96921E36, -9.96921E36, -9.96921E36, -9.96921E36, -9.96921E36, -9.96921E36, -9.96921E36, -9.96921E36, -9.96921E36, -9.96921E36, -0.20300001, -0.1, 0.60800004, 0.50100005, -0.149, -0.499, -0.023000002, -9.96921E36, 0.418, -0.31, -9.96921E36, -9.96921E36, -9.96921E36, -9.96921E36, -9.96921E36, -9.96921E36
[0][10], -0.657, -0.49600002, -0.058000002, 0.573, 0.81100005, 0.4, 0.12100001, 0.132, 0.27, 0.49100003, 0.78300005, 0.62200004, 0.388, 0.386, 0.31, 0.17400001, 0.07300001, -0.033, -0.104, -0.087000005, -0.20300001, -0.49, -0.46100003, -0.119, -0.117000006, -0.035, -0.064, -0.16100001, -0.15100001, -0.23500001, -0.26900002, -0.096, -0.082, -0.060000002, 0.001, -0.046000004, -0.078, 0.051000003, 0.177, 0.23300001, 0.446, 0.568, 0.374, 0.23500001, 0.257, 0.10300001, -0.22200002, -9.96921E36, -9.96921E36, -9.96921E36, -9.96921E36, -9.96921E36, -9.96921E36, -9.96921E36, -9.96921E36, -9.96921E36, -0.356, -0.409, -9.96921E36, -9.96921E36, -0.158, -0.32500002, -0.18, 0.019000001, 0.079, -0.335, -0.544, -0.216, -0.093, -0.40600002, -0.624, -0.657
[0][11], -0.25800002, -0.116000004, 0.23700002, 0.767, 1.289, 1.322, 0.79600006, 0.84900004, 1.1800001, 1.511, 1.5330001, 1.314, 1.077, 0.776, 0.49, 0.279, 0.20600002, 0.075, -0.16800001, -0.15, -0.056, -0.23900001, -0.319, -0.134, -0.185, 0.18100001, 0.127, -0.296, -9.96921E36, -9.96921E36, -0.194, -0.12200001, -0.136, -0.115, -0.21900001, -0.34600002, -0.272, -0.171, -0.14, -0.18, -0.136, 0.053000003, 0.15200001, 0.24200001, 0.26900002, 0.093, -0.215, -0.32700002, -0.30400002, -9.96921E36, -9.96921E36, -9.96921E36, -9.96921E36, -9.96921E36, -9.96921E36, -9.96921E36, -0.264, -0.257, -9.96921E36, -9.96921E36, -0.24800001, -0.384, -0.22800002, -0.086, -0.21300001, -0.29700002, -0.17, -0.116000004, -0.143, -0.187, -0.28100002, -0.30600002
[0][12], -0.133, -0.09200001, -0.059000004, 0.16900001, -9.96921E36, -9.96921E36, 1.1650001, 1.2600001, 1.552, 1.5990001, 1.516, 1.3490001, 1.1290001, 0.85, 0.518, 0.33200002, 0.18800001, -0.07300001, -0.326, -0.31500003, -0.23300001, -0.26000002, -0.33200002, -9.96921E36, -9.96921E36, -9.96921E36, -9.96921E36, -9.96921E36, -9.96921E36, -9.96921E36, -0.22000001, -0.42900002, -0.521, -0.45200002, -0.513, -0.59400004, -0.377, -0.344, -0.37300003, -0.23400001, -0.21200001, -0.23700002, -0.21800001, -0.055000003, 0.124000005, 0.09, -0.108, -0.17300001, -0.147, -0.273, -9.96921E36, -9.96921E36, -9.96921E36, -9.96921E36, 0.096, 0.312, 0.12100001, 0.201, -9.96921E36, -9.96921E36, -9.96921E36, -9.96921E36, -0.11400001, -0.35000002, -0.559, -0.574, -0.37100002, -0.259, -0.28, -0.18100001, -0.15300001, -0.21200001
[0][13], -0.35900003, -0.51500005, -0.85600007, -9.96921E36, -9.96921E36, -9.96921E36, 1.156, 1.24, 1.337, 1.0600001, 0.85800004, 0.70400006, 0.58400005, 0.45700002, 0.29900002, 0.109000005, -0.085, -0.26000002, -0.34500003, -0.39800003, -0.395, -0.37100002, -0.47100002, -0.74100006, -9.96921E36, -9.96921E36, -9.96921E36, -9.96921E36, -9.96921E36, -0.38500002, -0.379, -0.633, -0.846, -0.836, -0.8, -0.72900003, -0.41700003, -0.259, -0.324, -0.30200002, -0.254, -0.367, -0.44300002, -0.36600003, -0.124000005, 0.102000006, 0.14400001, 0.120000005, 0.065000005, -0.162, -0.185, -0.060000002, 0.15400001, 0.26700002, 0.31300002, 0.52900004, 0.44500002, 0.46600002, -9.96921E36, -9.96921E36, -9.96921E36, -9.96921E36, 0.072000004, -0.37600002, -0.64500004, -0.90900004, -1.0070001, -0.77500004, -0.53900003, -0.39900002, -0.37300003, -0.41700003
[0][14], -0.74500006, -1.013, -1.4430001, -9.96921E36, -9.96921E36, -9.96921E36, -9.96921E36, 0.90000004, 0.76100004, 0.54, 0.374, 0.171, -0.007, 0.009000001, 0.075, -0.126, -0.40500003, -0.35700002, -0.273, -0.37800002, -0.32200003, -0.21000001, -0.34600002, -0.47400004, -0.72300005, -9.96921E36, -9.96921E36, -9.96921E36, -0.39600003, -0.44000003, -0.54200006, -0.65400004, -0.711, -0.76400006, -0.666, -0.504, -0.26700002, -0.112, -0.162, -0.24700001, -0.282, -0.25800002, -0.27600002, -0.384, -0.365, -0.109000005, 0.19100001, 0.21800001, 0.068, -0.07700001, -0.16800001, -0.047000002, -0.033, -0.2, 0.21900001, 0.707, 0.619, 0.60300004, -9.96921E36, -9.96921E36, -9.96921E36, -9.96921E36, -9.96921E36, -9.96921E36, -0.47300002, -0.919, -1.256, -1.0120001, -0.65800005, -0.60400003, -0.58400005, -0.66300005
[0][15], -0.92200005, -1.212, -1.5320001, -9.96921E36, -9.96921E36, -9.96921E36, -9.96921E36, -9.96921E36, 0.409, 0.36100003, 0.319, 0.11400001, -0.109000005, -0.12200001, -0.042000003, -0.125, -0.33200002, -0.257, -0.082, -0.068, -0.003, -0.008, -0.194, -0.326, -0.395, -0.99100006, -0.6, -0.342, -0.407, -0.49800003, -0.518, -0.39800003, -0.34, -0.316, -0.303, -0.20500001, -0.05, 0.001, 0.08400001, 0.163, 0.158, 0.116000004, 0.042000003, -0.16800001, -0.326, -0.22000001, -0.021000002, 0.062000003, 0.045, 0.034, -0.009000001, -0.009000001, -0.15200001, -0.347, 0.119, 0.78000003, 0.883, -9.96921E36, -9.96921E36, -9.96921E36, -9.96921E36, -9.96921E36, -9.96921E36, -9.96921E36, -0.354, -0.62100005, -0.78900003, -0.708, -0.69900006, -0.786, -0.652, -0.73
[0][16], -0.90800005, -1.0220001, -1.1170001, -9.96921E36, -9.96921E36, -9.96921E36, -9.96921E36, 0.085, 0.377, 0.528, 0.49, 0.29000002, 0.119, -0.065000005, -0.11000001, -0.007, 0.013, 0.10300001, 0.24000001, 0.33, 0.30200002, 0.021000002, -0.22100002, -0.22700001, -0.079, -0.446, -0.54800004, -0.50100005, -0.446, -0.49, -0.34100002, -0.15300001, -0.149, -0.081, -0.066, -0.033, 0.19700001, 0.423, 0.564, 0.771, 0.887, 0.717, 0.44300002, 0.263, 0.101, 0.120000005, 0.25300002, 0.26000002, 0.16900001, 0.156, 0.163, 0.113000005, 0.023000002, 0.0, 0.337, 0.96400005, 1.179, -9.96921E36, -9.96921E36, -9.96921E36, -9.96921E36, -9.96921E36, -9.96921E36, -9.96921E36, -0.38300002, -0.39000002, -0.46800002, -0.63000005, -0.827, -0.753, -0.731, -0.81600004
[0][17], -0.841, -0.665, -0.57900006, -9.96921E36, -9.96921E36, -9.96921E36, -9.96921E36, -9.96921E36, 0.565, 0.679, 0.601, 0.46300003, 0.231, -0.028, -0.101, 0.015000001, 0.15100001, 0.27100003, 0.38700002, 0.423, 0.26200002, -0.022000002, -0.223, -0.156, -0.120000005, -0.354, -0.60700005, -0.57900006, -0.67300004, -0.544, -0.307, -0.19000001, -0.177, 0.010000001, 0.21900001, 0.28300002, 0.509, 0.9710001, 1.087, 1.159, 1.478, 1.2700001, 0.86300004, 0.62600005, 0.52400005, 0.85400003, 1.0170001, 0.64000005, 0.35000002, 0.29700002, 0.32200003, 0.36, 0.402, 0.42200002, 0.665, 0.71300006, -9.96921E36, -9.96921E36, -9.96921E36, -9.96921E36, -9.96921E36, -9.96921E36, -0.07700001, -0.245, -0.27400002, -0.42200002, -0.59000003, -0.808, -0.846, -0.859, -0.832, -0.785
[0][18], -0.36200002, -0.13000001, -9.96921E36, -9.96921E36, -9.96921E36, -9.96921E36, -9.96921E36, -9.96921E36, 0.57500005, 0.48000002, 0.46400002, 0.333, 0.16000001, 0.038000003, -0.037, -0.001, 0.080000006, 0.11800001, 0.13700001, 0.123, 0.048, -0.074, -0.164, -0.085, -0.23300001, -0.34, -0.36200002, -0.47900003, -0.67700005, -0.57500005, -0.497, -0.44200003, -0.136, 0.22600001, 0.384, 0.41900003, 0.632, 0.933, 1.126, 1.2570001, 1.4590001, 1.3440001, 0.92800003, 0.675, 0.698, 0.98100007, 1.177, 0.597, 0.39800003, 0.266, 0.21400002, 0.40800002, 0.46, 0.53900003, 0.637, 0.55600005, 0.35700002, -9.96921E36, -9.96921E36, -9.96921E36, -9.96921E36, 0.16000001, -0.006, 0.025, 0.013, -0.256, -0.44300002, -0.674, -0.771, -0.601, -0.521, -0.47800002
[0][19], -0.16600001, 0.123, -9.96921E36, -9.96921E36, -9.96921E36, -9.96921E36, -9.96921E36, -9.96921E36, -9.96921E36, 0.32700002, 0.284, 0.202, 0.21100001, 0.16700001, -0.021000002, -0.147, -0.10300001, 0.021000002, 0.002, -0.10700001, -0.074, -0.075, -0.09200001, -0.119, -0.245, -0.27600002, -0.22800002, -0.335, -0.40600002, -0.48400003, -0.61300004, -0.70900005, -0.046000004, 0.45700002, 0.25800002, 0.18, 0.397, 0.537, 0.565, 0.725, 0.90000004, 0.77900004, 0.572, 0.49, 0.50200003, 0.61700004, 0.6, 0.33600003, 0.09200001, -0.067, -0.016, 0.179, 0.33, 0.623, 0.78800005, 0.53400004, 0.541, -9.96921E36, -9.96921E36, -9.96921E36, 0.335, 0.23, 0.171, 0.22500001, 0.16800001, -0.091000006, -0.24100001, -0.324, -0.33200002, -0.289, -0.28, -0.268
[0][20], -9.96921E36, -9.96921E36, -9.96921E36, -9.96921E36, -9.96921E36, -9.96921E36, -9.96921E36, -9.96921E36, 0.365, 0.37600002, 0.324, 0.28500003, 0.28100002, 0.20600002, -0.061000004, -0.39900002, -0.19700001, -0.12900001, -0.07, -0.101, -0.12100001, 0.178, -0.011000001, -0.24400002, -0.314, -0.261, -0.17600001, -0.216, -0.37600002, -0.46100003, -0.59400004, -0.55700004, -0.087000005, 0.31100002, 0.23, 0.163, 0.26700002, 0.224, 0.25300002, 0.37, 0.47200003, 0.344, 0.231, 0.23900001, 0.337, 0.47800002, 0.52400005, 0.16800001, -0.162, -0.093, 0.079, 0.13900001, 0.30800003, 0.66300005, 1.0380001, 0.492, 0.41000003, 0.411, 0.407, 0.41200003, 0.37800002, 0.316, 0.273, 0.21100001, 0.093, -0.07, -0.13700001, -0.12900001, -0.124000005, -9.96921E36, -9.96921E36, -9.96921E36
[0][21], -9.96921E36, -9.96921E36, -9.96921E36, -9.96921E36, -9.96921E36, -9.96921E36, -9.96921E36, 0.238, 0.23600002, -9.96921E36, 0.43, 0.388, 0.23200001, 0.09200001, -0.116000004, -9.96921E36, -0.10700001, -0.11400001, -0.19000001, 0.275, -9.96921E36, 0.595, 0.101, -0.30400002, -0.379, -0.23600002, -0.07, -0.14400001, -0.27600002, -0.294, -0.272, -0.223, -0.19900002, -0.09200001, 0.037, 0.07, 0.11100001, 0.14, 0.23700002, 0.39800003, 0.363, 0.18300001, 0.086, 0.104, 0.17400001, 0.333, 0.32900003, 0.21100001, 0.23200001, 0.47000003, 0.669, 0.36400002, 0.36200002, 0.768, 0.9990001, 0.45600003, 0.35500002, 0.42400002, 0.467, 0.423, 0.33400002, 0.263, 0.194, 0.127, 0.040000003, -0.065000005, -0.104, -0.13000001, -0.16800001, -9.96921E36, -9.96921E36, -9.96921E36
[0][22], -9.96921E36, -9.96921E36, -9.96921E36, -9.96921E36, -9.96921E36, -9.96921E36, -9.96921E36, 0.28500003, -9.96921E36, -9.96921E36, 0.48400003, 0.39900002, 0.186, -0.055000003, -0.22700001, -9.96921E36, -9.96921E36, 0.36900002, -0.257, -9.96921E36, -9.96921E36, -9.96921E36, 0.13100001, -0.23400001, -0.319, -0.104, 0.031000001, 0.010000001, 0.083000004, 0.094000004, 0.025, -0.044000003, -0.215, -0.30800003, -0.324, -0.35700002, -0.395, -0.28500003, -0.089, 0.132, 0.24400002, 0.20600002, 0.177, 0.119, 0.048, 0.033, 0.016, 0.27800003, 0.883, 1.3670001, 0.90800005, -9.96921E36, 0.18100001, 0.347, 0.21100001, 0.192, 0.28100002, 0.268, 0.22500001, 0.14600001, 0.106000006, 0.12200001, 0.116000004, 0.11100001, 0.074, -0.012, -0.085, -0.20700002, -0.264, -9.96921E36, -9.96921E36, -9.96921E36
[0][23], -9.96921E36, -9.96921E36, -9.96921E36, -9.96921E36, -9.96921E36, -9.96921E36, 0.48600003, 0.27100003, -9.96921E36, 0.47700003, 0.497, 0.367, 0.13000001, -0.18900001, -9.96921E36, -9.96921E36, -9.96921E36, -9.96921E36, -9.96921E36, -9.96921E36, -9.96921E36, -9.96921E36, -9.96921E36, -0.125, -0.24000001, -0.19700001, -0.12100001, -0.029000001, 0.14400001, 0.179, 0.076000005, 0.041, -0.051000003, -0.328, -0.62700003, -0.832, -1.0250001, -1.082, -0.9110001, -0.625, -0.356, -0.109000005, -0.0050000004, -0.026, 0.002, -0.015000001, -0.053000003, 0.246, 0.97300005, 1.4280001, 0.651, -9.96921E36, -0.11100001, -0.17, -0.10700001, -0.12200001, -0.003, -0.07, -0.16800001, -0.26500002, -0.18400002, -0.016, 0.069000006, 0.091000006, 0.082, -0.022000002, -0.15900001, -0.29200003, -0.335, -0.324, -9.96921E36, -9.96921E36
[0][24], -9.96921E36, -9.96921E36, 0.19100001, 0.35000002, 0.37500003, 0.264, 0.323, 0.4, -9.96921E36, -9.96921E36, -9.96921E36, -9.96921E36, -9.96921E36, -9.96921E36, -9.96921E36, -9.96921E36, -9.96921E36, -9.96921E36, -9.96921E36, -9.96921E36, -9.96921E36, -9.96921E36, -9.96921E36, -9.96921E36, -0.39200002, -0.46500003, -0.28800002, -0.057000004, 0.101, 0.074, 0.007, 0.025, 0.021000002, -0.20500001, -0.59900004, -0.88000005, -1.077, -1.2800001, -1.2440001, -1.0200001, -0.79700005, -0.61600006, -0.45100003, -0.25, -0.061000004, 0.003, 0.089, 0.37300003, 0.67300004, -9.96921E36, -9.96921E36, -9.96921E36, -9.96921E36, -9.96921E36, 0.29700002, 0.0, -0.45900002, -0.367, -0.312, -0.432, -0.41000003, -0.20600002, -0.051000003, 0.008, 0.001, -0.095000006, -0.26700002, -0.42400002, -0.467, -0.453, -0.47200003, -9.96921E36
[0][25], -0.33100003, -0.029000001, 0.082, 0.21100001, 0.293, 0.342, 0.531, 0.851, -9.96921E36, -9.96921E36, -9.96921E36, -9.96921E36, -9.96921E36, -9.96921E36, -9.96921E36, -9.96921E36, -9.96921E36, -9.96921E36, -9.96921E36, -9.96921E36, -9.96921E36, -9.96921E36, -9.96921E36, -0.34600002, -0.526, -0.49600002, -0.209, -0.10300001, -0.024, -0.041, -0.060000002, -0.028, -0.038000003, -0.16000001, -0.388, -0.57100004, -0.757, -1.008, -1.003, -0.795, -0.63900006, -0.583, -0.48800004, -0.29900002, -0.021000002, 0.223, 0.425, 0.564, -9.96921E36, -9.96921E36, -9.96921E36, -9.96921E36, -9.96921E36, -9.96921E36, -9.96921E36, -9.96921E36, -0.98, -0.89800006, -0.455, -0.52400005, -0.425, -0.037, 0.142, 0.113000005, 0.065000005, -0.034, -0.289, -0.578, -0.739, -0.697, -0.66700006, -0.65300006
[0][26], -0.381, -0.29200003, -0.07300001, 0.33400002, -9.96921E36, 0.38500002, 1.0430001, 1.493, -9.96921E36, -9.96921E36, -9.96921E36, -9.96921E36, -9.96921E36, -9.96921E36, -9.96921E36, -9.96921E36, -9.96921E36, -9.96921E36, -9.96921E36, -9.96921E36, -9.96921E36, -9.96921E36, -9.96921E36, -9.96921E36, -9.96921E36, -9.96921E36, 0.063, -0.025, -0.208, -0.30400002, -0.16800001, -0.007, -0.004, -0.106000006, -0.257, -0.316, -0.337, -0.44900003, -0.485, -0.365, -0.27600002, -0.20400001, -0.157, -0.10300001, 0.135, 0.527, 0.712, 0.606, -9.96921E36, -9.96921E36, -9.96921E36, -9.96921E36, -9.96921E36, -9.96921E36, 0.017, -0.365, -0.87000006, -0.98700005, -0.90800005, -0.50200003, 0.024, 0.717, 0.78300005, 0.544, 0.33200002, 0.142, -0.21800001, -0.646, -0.93700004, -0.84200007, -0.67800003, -0.51000005
[0][27], -0.34100002, -9.96921E36, -0.52500004, -9.96921E36, -9.96921E36, -9.96921E36, 1.3240001, 1.9350001, -9.96921E36, -9.96921E36, -9.96921E36, -9.96921E36, -9.96921E36, -9.96921E36, -9.96921E36, -9.96921E36, -9.96921E36, -9.96921E36, -9.96921E36, -9.96921E36, -9.96921E36, -9.96921E36, -9.96921E36, -9.96921E36, -9.96921E36, -9.96921E36, -9.96921E36, 0.44400004, 0.10300001, -0.312, -0.194, 0.0, -0.012, -0.076000005, -0.201, -0.19100001, -0.080000006, -0.108, -0.18900001, -0.194, -0.209, -0.18, -0.113000005, -0.066, 0.08800001, 0.40100002, 0.60300004, 0.45800003, -9.96921E36, -9.96921E36, -9.96921E36, -9.96921E36, -9.96921E36, -0.223, -0.172, -0.18200001, -9.96921E36, -9.96921E36, -0.637, 0.020000001, 0.384, 0.763, 1.1620001, 0.91600007, 0.54, 0.252, -0.106000006, -0.49100003, -0.772, -0.86800003, -0.69100004, -0.411
[0][28], -0.38700002, -0.65300006, -0.869, -1.1700001, -9.96921E36, -9.96921E36, -9.96921E36, -9.96921E36, -9.96921E36, -9.96921E36, -9.96921E36, -9.96921E36, -9.96921E36, -9.96921E36, -9.96921E36, -9.96921E36, -9.96921E36, -9.96921E36, -9.96921E36, -9.96921E36, -9.96921E36, -9.96921E36, -9.96921E36, -9.96921E36, -9.96921E36, -9.96921E36, -9.96921E36, -9.96921E36, -9.96921E36, -0.42200002, -0.043, -0.109000005, -0.037, 0.029000001, -0.148, -0.33100003, -0.25, -0.22600001, -0.26200002, -0.30600002, -0.377, -0.35900003, -0.245, -0.117000006, 0.08400001, 0.30200002, 0.29500002, -9.96921E36, -9.96921E36, -9.96921E36, -9.96921E36, -9.96921E36, -9.96921E36, -9.96921E36, -9.96921E36, -9.96921E36, -9.96921E36, -9.96921E36, -9.96921E36, 0.44500002, 0.13900001, 0.321, 0.754, 0.88600004, 0.73, 0.363, 0.044000003, -0.19100001, -0.42600003, -0.63500005, -0.58400005, -0.363
[0][29], -0.286, -0.379, -0.71900004, -1.1600001, -1.498, -9.96921E36, -9.96921E36, -9.96921E36, -9.96921E36, -9.96921E36, -9.96921E36, -9.96921E36, -9.96921E36, -9.96921E36, -9.96921E36, -9.96921E36, -9.96921E36, -9.96921E36, -9.96921E36, -9.96921E36, -9.96921E36, -9.96921E36, -9.96921E36, -9.96921E36, -9.96921E36, -9.96921E36, -9.96921E36, -9.96921E36, -9.96921E36, -9.96921E36, 0.37, -9.96921E36, 0.089, 0.19500001, -0.12100001, -0.45100003, -0.54300004, -0.52500004, -0.42200002, -0.31500003, -0.335, -0.34800002, -0.208, 0.010000001, 0.379, 0.601, -9.96921E36, -9.96921E36, -9.96921E36, -9.96921E36, -9.96921E36, -9.96921E36, -9.96921E36, -9.96921E36, -9.96921E36, -9.96921E36, -9.96921E36, -9.96921E36, -9.96921E36, -9.96921E36, 0.18200001, 0.31800002, 0.52400005, 0.70900005, 0.776, 0.53300005, 0.22500001, 0.07300001, -0.123, -0.293, -0.275, -0.216
[0][30], 0.007, -0.017, -0.404, -0.933, -1.08, -9.96921E36, -9.96921E36, -9.96921E36, -9.96921E36, -9.96921E36, -9.96921E36, -9.96921E36, -9.96921E36, -9.96921E36, -9.96921E36, -9.96921E36, -9.96921E36, -9.96921E36, -9.96921E36, -9.96921E36, -9.96921E36, -9.96921E36, -9.96921E36, -9.96921E36, -9.96921E36, -9.96921E36, -9.96921E36, -9.96921E36, -9.96921E36, -9.96921E36, -9.96921E36, -9.96921E36, -9.96921E36, -9.96921E36, -0.119, -0.15300001, -0.5, -9.96921E36, -9.96921E36, -9.96921E36, -9.96921E36, -9.96921E36, -0.019000001, -9.96921E36, -9.96921E36, -9.96921E36, -9.96921E36, -9.96921E36, -9.96921E36, -9.96921E36, -9.96921E36, -9.96921E36, -9.96921E36, -9.96921E36, -9.96921E36, -9.96921E36, -9.96921E36, -9.96921E36, -9.96921E36, -9.96921E36, 0.823, 0.42400002, 0.56200004, 0.634, 0.74500006, 0.56600004, 0.307, 0.13000001, -0.082, -0.14, 0.022000002, 0.082
[0][31], 0.078, 0.012, -0.252, -0.41400003, -9.96921E36, -9.96921E36, 0.24400002, 0.263, 0.072000004, -9.96921E36, -9.96921E36, -9.96921E36, -9.96921E36, -9.96921E36, -9.96921E36, -9.96921E36, -9.96921E36, -9.96921E36, -9.96921E36, -9.96921E36, -9.96921E36, -9.96921E36, -9.96921E36, -9.96921E36, -9.96921E36, -9.96921E36, -9.96921E36, -9.96921E36, -9.96921E36, -9.96921E36, -9.96921E36, -9.96921E36, -9.96921E36, -9.96921E36, -9.96921E36, -9.96921E36, -9.96921E36, -9.96921E36, -9.96921E36, -9.96921E36, -9.96921E36, -9.96921E36, -9.96921E36, -9.96921E36, -9.96921E36, -9.96921E36, -9.96921E36, -9.96921E36, -9.96921E36, -9.96921E36, -9.96921E36, -9.96921E36, -9.96921E36, -9.96921E36, -9.96921E36, -9.96921E36, -9.96921E36, -9.96921E36, -9.96921E36, -9.96921E36, -9.96921E36, -0.009000001, -9.96921E36, -9.96921E36, -9.96921E36, -9.96921E36, 0.35300002, 0.029000001, -0.18900001, -0.115, 0.231, 0.13800001
[0][32], -0.18100001, -0.319, -0.356, -0.36, -0.29200003, -0.287, -0.44000003, -0.61300004, -0.646, -9.96921E36, -9.96921E36, -9.96921E36, -9.96921E36, -9.96921E36, -9.96921E36, -9.96921E36, -9.96921E36, -9.96921E36, -9.96921E36, -9.96921E36, -9.96921E36, -9.96921E36, -9.96921E36, -9.96921E36, -9.96921E36, -9.96921E36, -9.96921E36, -9.96921E36, -9.96921E36, -9.96921E36, -9.96921E36, -9.96921E36, -9.96921E36, -9.96921E36, -9.96921E36, -9.96921E36, -9.96921E36, -9.96921E36, -9.96921E36, -9.96921E36, -9.96921E36, -9.96921E36, -9.96921E36, -9.96921E36, -9.96921E36, -9.96921E36, -9.96921E36, -9.96921E36, -9.96921E36, -9.96921E36, -9.96921E36, -9.96921E36, -9.96921E36, -9.96921E36, -9.96921E36, -9.96921E36, -9.96921E36, -9.96921E36, -9.96921E36, -9.96921E36, -9.96921E36, -9.96921E36, -9.96921E36, -9.96921E36, -9.96921E36, -9.96921E36, -9.96921E36, -9.96921E36, -9.96921E36, -9.96921E36, -9.96921E36, -0.261
[0][33], -9.96921E36, -0.592, -0.47200003, -0.72800004, -9.96921E36, -9.96921E36, -9.96921E36, -9.96921E36, -9.96921E36, -9.96921E36, -9.96921E36, -9.96921E36, -9.96921E36, -9.96921E36, -9.96921E36, -9.96921E36, -9.96921E36, -9.96921E36, -9.96921E36, -9.96921E36, -9.96921E36, -9.96921E36, -9.96921E36, -9.96921E36, -9.96921E36, -9.96921E36, -9.96921E36, -9.96921E36, -9.96921E36, -9.96921E36, -9.96921E36, -9.96921E36, -9.96921E36, -9.96921E36, -9.96921E36, -9.96921E36, -9.96921E36, -9.96921E36, -9.96921E36, -9.96921E36, -9.96921E36, -9.96921E36, -9.96921E36, -9.96921E36, -9.96921E36, -9.96921E36, -9.96921E36, -9.96921E36, -9.96921E36, -9.96921E36, -9.96921E36, -9.96921E36, -9.96921E36, -9.96921E36, -9.96921E36, -9.96921E36, -9.96921E36, -9.96921E36, -9.96921E36, -9.96921E36, -9.96921E36, -9.96921E36, -9.96921E36, -9.96921E36, -9.96921E36, -9.96921E36, -9.96921E36, -9.96921E36, -9.96921E36, -9.96921E36, -9.96921E36, -9.96921E36
[0][34], -9.96921E36, -9.96921E36, -9.96921E36, -9.96921E36, -9.96921E36, -9.96921E36, -9.96921E36, -9.96921E36, -9.96921E36, -9.96921E36, -9.96921E36, -9.96921E36, -9.96921E36, -9.96921E36, -9.96921E36, -9.96921E36, -9.96921E36, -9.96921E36, -9.96921E36, -9.96921E36, -9.96921E36, -9.96921E36, -9.96921E36, -9.96921E36, -9.96921E36, -9.96921E36, -9.96921E36, -9.96921E36, -9.96921E36, -9.96921E36, -9.96921E36, -9.96921E36, -9.96921E36, -9.96921E36, -9.96921E36, -9.96921E36, -9.96921E36, -9.96921E36, -9.96921E36, -9.96921E36, -9.96921E36, -9.96921E36, -9.96921E36, -9.96921E36, -9.96921E36, -9.96921E36, -9.96921E36, -9.96921E36, -9.96921E36, -9.96921E36, -9.96921E36, -9.96921E36, -9.96921E36, -9.96921E36, -9.96921E36, -9.96921E36, -9.96921E36, -9.96921E36, -9.96921E36, -9.96921E36, -9.96921E36, -9.96921E36, -9.96921E36, -9.96921E36, -9.96921E36, -9.96921E36, -9.96921E36, -9.96921E36, -9.96921E36, -9.96921E36, -9.96921E36, -9.96921E36
[0][35], -9.96921E36, -9.96921E36, -9.96921E36, -9.96921E36, -9.96921E36, -9.96921E36, -9.96921E36, -9.96921E36, -9.96921E36, -9.96921E36, -9.96921E36, -9.96921E36, -9.96921E36, -9.96921E36, -9.96921E36, -9.96921E36, -9.96921E36, -9.96921E36, -9.96921E36, -9.96921E36, -9.96921E36, -9.96921E36, -9.96921E36, -9.96921E36, -9.96921E36, -9.96921E36, -9.96921E36, -9.96921E36, -9.96921E36, -9.96921E36, -9.96921E36, -9.96921E36, -9.96921E36, -9.96921E36, -9.96921E36, -9.96921E36, -9.96921E36, -9.96921E36, -9.96921E36, -9.96921E36, -9.96921E36, -9.96921E36, -9.96921E36, -9.96921E36, -9.96921E36, -9.96921E36, -9.96921E36, -9.96921E36, -9.96921E36, -9.96921E36, -9.96921E36, -9.96921E36, -9.96921E36, -9.96921E36, -9.96921E36, -9.96921E36, -9.96921E36, -9.96921E36, -9.96921E36, -9.96921E36, -9.96921E36, -9.96921E36, -9.96921E36, -9.96921E36, -9.96921E36, -9.96921E36, -9.96921E36, -9.96921E36, -9.96921E36, -9.96921E36, -9.96921E36, -9.96921E36

sst.time[1]
20453.0

sst.lat[36]
-87.5, -82.5, -77.5, -72.5, -67.5, -62.5, -57.5, -52.5, -47.5, -42.5, -37.5, -32.5, -27.5, -22.5, -17.5, -12.5, -7.5, -2.5, 2.5, 7.5, 12.5, 17.5, 22.5, 27.5, 32.5, 37.5, 42.5, 47.5, 52.5, 57.5, 62.5, 67.5, 72.5, 77.5, 82.5, 87.5

sst.lon[72]
2.5, 7.5, 12.5, 17.5, 22.5, 27.5, 32.5, 37.5, 42.5, 47.5, 52.5, 57.5, 62.5, 67.5, 72.5, 77.5, 82.5, 87.5, 92.5, 97.5, 102.5, 107.5, 112.5, 117.5, 122.5, 127.5, 132.5, 137.5, 142.5, 147.5, 152.5, 157.5, 162.5, 167.5, 172.5, 177.5, 182.5, 187.5, 192.5, 197.5, 202.5, 207.5, 212.5, 217.5, 222.5, 227.5, 232.5, 237.5, 242.5, 247.5, 252.5, 257.5, 262.5, 267.5, 272.5, 277.5, 282.5, 287.5, 292.5, 297.5, 302.5, 307.5, 312.5, 317.5, 322.5, 327.5, 332.5, 337.5, 342.5, 347.5, 352.5, 357.5


